{
    "N_age": 101,
    "N_basis": 6,
    "age": [0,1,2,3,4,5,6,7,8,9,10,11,12,13,14,15,16,17,18,19,20,21,22,23,24,25,26,27,28,29,30,31,32,33,34,35,36,37,38,39,40,41,42,43,44,45,46,47,48,49,50,51,52,53,54,55,56,57,58,59,60,61,62,63,64,65,66,67,68,69,70,71,72,73,74,75,76,77,78,79,80,81,82,83,84,85,86,87,88,89,90,91,92,93,94,95,96,97,98,99,100],
    "age_spline": [[1,0,0,0,0,0],[0.9127,0.086,0.0013,4.5e-06,0,0],[0.8306,0.1642,0.0052,0,0,0],[0.7536,0.2348,0.0115,0.0001,0,0],[0.6815,0.2982,0.02,0.0003,0,0],[0.6141,0.3547,0.0307,0.0006,0,0],[0.5514,0.4044,0.0433,0.001,0,0],[0.493,0.4478,0.0577,0.0015,0,0],[0.439,0.485,0.0737,0.0023,0,0],[0.389,0.5164,0.0913,0.0033,0,0],[0.343,0.5422,0.1103,0.0045,0,0],[0.3008,0.5628,0.1304,0.006,0,0],[0.2621,0.5784,0.1516,0.0078,0,0],[0.227,0.5894,0.1738,0.0099,0,0],[0.1951,0.5959,0.1967,0.0123,0,0],[0.1664,0.5982,0.2202,0.0152,0,0],[0.1406,0.5967,0.2442,0.0184,0,0],[0.1176,0.5917,0.2686,0.0221,0,0],[0.0973,0.5834,0.2931,0.0262,0,0],[0.0795,0.572,0.3176,0.0309,0,0],[0.064,0.558,0.342,0.036,0,0],[0.0507,0.5415,0.3661,0.0417,0,0],[0.0393,0.5229,0.3899,0.0479,0,0],[0.0298,0.5024,0.413,0.0548,0,0],[0.022,0.4804,0.4355,0.0622,0,0],[0.0156,0.457,0.457,0.0703,0,0],[0.0106,0.4327,0.4776,0.0791,0,0],[0.0069,0.4076,0.497,0.0886,0,0],[0.0041,0.382,0.5151,0.0988,0,0],[0.0022,0.3563,0.5317,0.1098,0,0],[0.001,0.3308,0.5468,0.1215,0,0],[0.0003,0.3056,0.56,0.1341,0,0],[0.0001,0.2811,0.5714,0.1475,0,0],[1e-06,0.2576,0.5807,0.1617,0,0],[0,0.2353,0.5878,0.1769,2e-06,0],[0,0.2143,0.5928,0.1928,0,0],[0,0.1947,0.5956,0.2096,0.0001,0],[0,0.1762,0.5965,0.2269,0.0003,0],[0,0.159,0.5954,0.2449,0.0007,0],[0,0.1429,0.5926,0.2633,0.0012,0],[0,0.128,0.588,0.282,0.002,0],[0,0.1141,0.5818,0.301,0.003,0],[0,0.1013,0.5741,0.3202,0.0044,0],[0,0.0895,0.5649,0.3395,0.0061,0],[0,0.0786,0.5544,0.3588,0.0082,0],[0,0.0687,0.5427,0.3779,0.0107,0],[0,0.0596,0.5298,0.3969,0.0137,0],[0,0.0513,0.5159,0.4155,0.0172,0],[0,0.0439,0.501,0.4338,0.0213,0],[0,0.0372,0.4853,0.4516,0.026,0],[0,0.0312,0.4688,0.4688,0.0313,0],[0,0.026,0.4516,0.4853,0.0372,0],[0,0.0213,0.4338,0.501,0.0439,0],[0,0.0172,0.4155,0.5159,0.0513,0],[0,0.0137,0.3969,0.5298,0.0596,0],[0,0.0107,0.3779,0.5427,0.0687,0],[0,0.0082,0.3588,0.5544,0.0786,0],[0,0.0061,0.3395,0.5649,0.0895,0],[0,0.0044,0.3202,0.5741,0.1013,0],[0,0.003,0.301,0.5818,0.1141,0],[0,0.002,0.282,0.588,0.128,0],[0,0.0012,0.2633,0.5926,0.1429,0],[0,0.0007,0.2449,0.5954,0.159,0],[0,0.0003,0.2269,0.5965,0.1762,0],[0,0.0001,0.2096,0.5956,0.1947,0],[0,0,0.1928,0.5928,0.2143,0],[0,2e-06,0.1769,0.5878,0.2353,0],[0,0,0.1617,0.5807,0.2576,1e-06],[0,0,0.1475,0.5714,0.2811,0.0001],[0,0,0.1341,0.56,0.3056,0.0003],[0,0,0.1215,0.5468,0.3308,0.001],[0,0,0.1098,0.5317,0.3563,0.0022],[0,0,0.0988,0.5151,0.382,0.0041],[0,0,0.0886,0.497,0.4076,0.0069],[0,0,0.0791,0.4776,0.4327,0.0106],[0,0,0.0703,0.457,0.457,0.0156],[0,0,0.0622,0.4355,0.4804,0.022],[0,0,0.0548,0.413,0.5024,0.0298],[0,0,0.0479,0.3899,0.5229,0.0393],[0,0,0.0417,0.3661,0.5415,0.0507],[0,0,0.036,0.342,0.558,0.064],[0,0,0.0309,0.3176,0.572,0.0795],[0,0,0.0262,0.2931,0.5834,0.0973],[0,0,0.0221,0.2686,0.5917,0.1176],[0,0,0.0184,0.2442,0.5967,0.1406],[0,0,0.0152,0.2202,0.5982,0.1664],[0,0,0.0123,0.1967,0.5959,0.1951],[0,0,0.0099,0.1738,0.5894,0.227],[0,0,0.0078,0.1516,0.5784,0.2621],[0,0,0.006,0.1304,0.5628,0.3008],[0,0,0.0045,0.1102,0.5422,0.343],[0,0,0.0033,0.0913,0.5164,0.389],[0,0,0.0023,0.0737,0.485,0.439],[0,0,0.0015,0.0577,0.4478,0.493],[0,0,0.001,0.0433,0.4044,0.5514],[0,0,0.0006,0.0307,0.3547,0.6141],[0,0,0.0003,0.02,0.2982,0.6815],[0,0,0.0001,0.0115,0.2348,0.7536],[0,0,0,0.0052,0.1642,0.8306],[0,0,4.5e-06,0.0013,0.086,0.9127],[0,0,0,0,0,1]],

    "N_age_PLSD": 11,
    "N_gt_PLSD": 4,
    "age_index_lower_PLSD": [26,31,36,41,46,51,56,61,66,71,76],
    "age_index_upper_PLSD": [31,36,41,46,51,56,61,66,71,76,81],
    "patient_years_PLSD": [
        [715,1041,1320,1378,1176,876,606,474,294,179,136],
        [570,769,944,972,816,559,415,329,203,107,55],
        [73,137,219,292,262,224,176,137,105,49,26],
        [34,41,77,92,115,140,162,128,75,42,20]
    ],
    "events_PLSD": [
        [0,0,5,16,19,22,4,6,3,1,3],
        [0,2,2,11,17,24,4,3,4,1,0],
        [0,0,1,2,4,5,3,4,1,0,0],
        [0,0,0,0,0,1,2,1,0,0,0]
    ],

    "stage_dist_RenkonenSinisalo2007": [10,1,1,0,6],
    "stage_dist_Eikenboom2021": [7,0,0,0,8],

    "N_CRS": 19,
    "age_index_lower_CRS": [1,6,11,16,21,26,31,36,41,46,51,56,61,66,71,76,81,86,91],
    "age_index_upper_CRS": [6,11,16,21,26,31,36,41,46,51,56,61,66,71,76,81,86,91,100],
    "patient_years_CRS": [1649411,1706934,1543644,1519073,1715727,1893293,1882520,1830167,1731383,1946293,1979290,1759572,1520031,1491541,1357549,976401,771145,522497,341906],
    "events_CRS": [0,0,0,1,2,12,40,75,106,278,640,966,1092,1223,1209,921,677,358,132],

    "stage_dist_EC_England": [5125,468,794,534]

}